84 133 1 84
(1,2,25,0) (1,6,25,0) (1,10,25,0) (1,14,25,0) (1,18,25,0) 
(1,19,25,0) (1,23,25,0) (1,27,25,0) (1,31,25,0) (1,35,25,0) 
(2,3,125,0) 
(3,4,125,0) 
(4,5,125,0) 
(5,6,125,0) 
(6,7,125,0) 
(7,8,125,0) 
(8,9,125,0) 
(9,10,125,0) 
(10,11,125,0) 
(11,12,125,0) 
(12,13,125,0) 
(13,14,125,0) 
(14,15,125,0) 
(15,16,125,0) 
(16,17,125,0) 
(17,18,125,0) 
(18,38,25,0) (18,39,25,0) (18,40,25,0) (18,41,25,0) (18,42,25,0) 
(19,20,125,0) 
(20,21,125,0) 
(21,22,125,0) 
(22,23,125,0) 
(23,24,125,0) 
(24,25,125,0) 
(25,26,125,0) 
(26,27,125,0) 
(27,28,125,0) 
(28,29,125,0) 
(29,30,125,0) 
(30,31,125,0) 
(31,32,125,0) 
(32,33,125,0) 
(33,34,125,0) 
(34,35,125,0) 
(35,36,125,0) 
(36,37,125,0) 
(37,43,25,0) (37,44,25,0) (37,45,25,0) (37,46,25,0) (37,47,25,0) 
(38,43,1,0) (38,44,1,0) (38,45,1,0) (38,46,1,0) (38,47,1,0) 
(38,48,25,0) 
(39,43,1,0) (39,44,1,0) (39,45,1,0) (39,46,1,0) (39,47,1,0) 
(39,48,25,0) 
(40,43,1,0) (40,44,1,0) (40,45,1,0) (40,46,1,0) (40,47,1,0) 
(40,48,25,0) 
(41,43,1,0) (41,44,1,0) (41,45,1,0) (41,46,1,0) (41,47,1,0) 
(41,48,25,0) 
(42,43,1,0) (42,44,1,0) (42,45,1,0) (42,46,1,0) (42,47,1,0) 
(42,48,25,0) 
(43,67,25,0) 
(44,67,25,0) 
(45,67,25,0) 
(46,67,25,0) 
(47,67,25,0) 
(48,49,125,0) 
(49,50,125,0) 
(50,84,25,0) (50,51,125,0) 
(51,52,125,0) 
(52,53,125,0) 
(53,54,125,0) 
(54,84,25,0) (54,55,125,0) 
(55,56,125,0) 
(56,57,125,0) 
(57,58,125,0) 
(58,84,25,0) (58,59,125,0) 
(59,60,125,0) 
(60,61,125,0) 
(61,62,125,0) 
(62,84,25,0) (62,63,125,0) 
(63,64,125,0) 
(64,65,125,0) 
(65,66,125,0) 
(66,84,25,0) 
(67,84,25,0) (67,68,125,0) 
(68,69,125,0) 
(69,70,125,0) 
(70,71,125,0) 
(71,84,25,0) (71,72,125,0) 
(72,73,125,0) 
(73,74,125,0) 
(74,75,125,0) 
(75,84,25,0) (75,76,125,0) 
(76,77,125,0) 
(77,78,125,0) 
(78,79,125,0) 
(79,84,25,0) (79,80,125,0) 
(80,81,125,0) 
(81,82,125,0) 
(82,83,125,0) 
(83,84,25,0) 
